0 123
134 1383
1383 1397
1397 3209
3209 4018
4018 4592
4592 5072
5072 5095
5095 5109
5109 5598
5598 5624
5624 6291
6291 6311
6311 7046
7046 7096
7096 7814
7814 7832
7832 8387
8387 8409
8409 8802
8802 8811
8811 8860
8860 9269
9269 9865
9865 9911
9911 10374
10374 10490
10490 10996
10996 11521
11521 11574
11574 12543
12543 12555
12555 13179
13179 14076
14076 15402
15402 16558
16558 17288
17288 19115
19115 20271
20271 20283
20283 20898
20898 20908
20908 21737
21737 21747
21747 22090
22090 22100
22100 22654
22654 22664
22664 23231