0 121
132 1163
1163 1208
1208 1222
1222 1472
1472 1833
1833 2542
2542 3126
3126 3549
3549 3742
3742 3787
3787 3801
3801 4671
4671 5719
5719 6643
6643 7547
7547 8115
8115 8769
8769 8778
8778 8837
8837 10009
10009 10960
10960 11738
11738 11800
11800 13632
13632 14624
14624 15862
15862 16586
16586 16666
16666 18612
18612 18657
18657 19520
19520 20210
20210 20311
20311 21371
21371 22220
22220 23517
23517 23569
23569 24532
24532 25831
25831 26813
26813 26867
26867 28457
28457 28469
28469 29207
29207 30368
30368 31061
31061 32012
32012 33067
33067 34040
34040 35272
35272 36200
36200 37381
37381 37404
37404 37450
37450 37973
37973 39470
39470 39498
39498 39761
39761 40375
40375 40409
40409 41057
41057 41132
41132 41717
41717 41731
41731 41791
41791 41804
41804 41859
41859 41872
41872 41930
41930 41943
41943 41998
41998 42011
42011 42069
42069 42082
42082 42137
42137 42152
42152 42161
42161 42240
42240 42249
42249 42329
42329 42349
42349 42927
42927 42994
42994 43835
43835 43893
43893 44872
44872 44939
44939 46191
46191 46612
46612 46854
46854 46893
46893 47215
47215 47241
47241 48032
48032 48043
48043 49113
49113 49158
49158 49189
49189 49829
49829 49874
49874 49885
49885 50661
50661 50706
50706 50872
50872 51395
51395 51406
51406 52051
52051 52096
52096 52127
52127 52374
52374 52419
52419 52450
52450 53148
53148 53193
53193 53204
53204 53814
53814 53859
53859 53870
53870 54535
54535 54580
54580 54949
54949 55323
55323 55354
55354 55614
55614 55659
55659 55670
55670 56476
56476 56521
56521 56552
56552 57152
57152 57197
57197 57208
57208 57653
57653 57698
57698 57729
57729 58091
58091 58136
58136 58167
58167 58327
58327 58372
58372 58383
58383 59272
59272 59317