0 137
148 1827
1827 1862
1862 2003
2003 2017
2017 2863
2863 3671
3671 4240
4240 4981
4981 5004
5004 5014
5014 5480
5480 6171
6171 6583
6583 6597
6597 6930
6930 6965
6965 7545
7545 7567
7567 8318
8318 8756
8756 9017
9017 9037
9037 9179
9179 9200
9200 9214
9214 9527
9527 10172
10172 10189
10189 10760
10760 11051
11051 11514
11514 11546
11546 11973
11973 11995
11995 13359
13359 13368
13368 13393
13393 14033
14033 14062
14062 14425
14425 14916
14916 15476
15476 15486
15486 15507
15507 16155
16155 16173
16173 16394
16394 16419
16419 17162
17162 17208
17208 17509
17509 18058
18058 18097
18097 18761
18761 18808
18808 19094
19094 19673
19673 20334
20334 21583
21583 21595
21595 22497
22497 23912
23912 24884
24884 25403
25403 26001
26001 26036
26036 26988
26988 26996
26996 27175
27175 27183
27183 27393
27393 27401
27401 27719
27719 27727
27727 28063