0 104
115 1005
1005 1019
1019 2039
2039 2062
2062 2699
2699 3358
3358 3698
3698 4254
4254 4942
4942 5167
5167 5191
5191 6398
6398 6883
6883 7475
7475 8243
8243 8401
8401 8411
8411 8614