0 114
125 2029
2029 2046
2046 3155
3155 7037
7037 7063
7063 8060
8060 8287
8287 9826
9826 10119
10119 10131
10131 10206
10206 11299
11299 12678
12678 14100
14100 15562
15562 15626
15626 18086
18086 18155
18155 20142
20142 20157
20157 20923
20923 21862
21862 23393
23393 24056
24056 24066
24066 25098
25098 25108
25108 26220
26220 26230
26230 26804
26804 26814
26814 27904