0 170
181 193
193 1010
1010 1019
1019 1395
1395 1404
1404 2215
2215 2228
2228 2762
2762 2797
2797 2934
2934 2946
2946 4008
4008 5530
5530 6727
6727 6736
6736 6754
6754 7468
7468 7604
7604 8869
8869 8912
8912 9766
9766 9788
9788 10882
10882 10891
10891 10979
10979 12730
12730 12775
12775 14040
14040 15198
15198 16199
16199 17522
17522 18399
18399 18441
18441 20214
20214 20290
20290 22489
22489 25560
25560 25619
25619 26675
26675 27726
27726 27799
27799 29648
29648 29660
29660 31301
31301 33520
33520 35842
35842 37036
37036 38489
38489 39810
39810 39828
39828 40046
40046 40054
40054 40542
40542 40550
40550 42540
42540 42548
42548 43748
43748 43756
43756 44176
44176 44184
44184 44846
44846 44854
44854 45421
45421 45429
45429 47342