0 117
128 1921
1921 2705
2705 2719
2719 3778
3778 5051
5051 7331
7331 7354
7354 7588
7588 7599
7599 8620
8620 8636
8636 9691
9691 9714
9714 10303
10303 10330
10330 11224
11224 11265
11265 11870
11870 11895
11895 12647
12647 12671
12671 13404
13404 13418
13418 13695
13695 13728
13728 14376
14376 14400
14400 15214
15214 15236
15236 15791
15791 15824
15824 17244
17244 17265
17265 17548
17548 17593
17593 20418
20418 20435
20435 21964
21964 21981
21981 22256
22256 22275
22275 23538
23538 23558
23558 25629
25629 25650
25650 27189
27189 27202
27202 29212
29212 29221
29221 29293
29293 30246
30246 31025
31025 31098
31098 33187
33187 33265
33265 34319
34319 34394
34394 35437
35437 36163
36163 36275
36275 37629
37629 38778
38778 38866
38866 40229
40229 40792
40792 40868
40868 42299
42299 42378
42378 43149
43149 43962
43962 44034
44034 45295
45295 45995
45995 46728
46728 46771
46771 47885
47885 47927
47927 49680
49680 49692
49692 51159
51159 51228
51228 52543
52543 52577
52577 54524
54524 54608
54608 56734
56734 56762
56762 59267
59267 59281
59281 59849
59849 60038
60038 60049
60049 61907
61907 61918
61918 62829
62829 62840
62840 63995
63995 64006
64006 65650
65650 65661
65661 67318
67318 67329
67329 69791
69791 69802
69802 70336
70336 70347
70347 70618
70618 70629
70629 71918